Sample	GH13_32	GH13_23	GH13_41	GH13_16	PL13	PL21_1	GH43_8	PL4_2	GH96	GH113	AA1	AA3_2	AA7	GT24	GT88	GT39	GT64	GT10	GT21	Group	Group1
HU107_S1	2.61E-07	0	2.59E-06	3.25E-07	2.66E-07	0	9.53E-07	0	0	5.94E-06	0	0	0	0	0	1.54E-07	0	7.99E-08	4.79E-08	Human	BaAka
HU112_S2	4.17E-08	0	1.86E-06	8.11E-07	2.92E-07	7.41E-08	0	0	0	1.10E-05	0	0	7.37E-07	0	0	1.33E-06	0	1.02E-06	4.17E-08	Human	BaAka
HU113_S3	1.49E-07	0	5.13E-08	2.31E-07	2.67E-07	6.98E-07	0	0	0	1.09E-05	0	0	3.59E-08	0	0	7.55E-07	0	1.49E-07	4.62E-08	Human	BaAka
HU117_S4	0	0	3.85E-07	1.60E-07	1.35E-07	3.08E-07	0	0	1.28E-07	7.41E-06	0	2.12E-07	1.44E-06	0	0	4.49E-08	0	2.47E-06	1.67E-07	Human	BaAka
HU118_S5	1.47E-07	4.74E-08	5.00E-07	6.31E-08	6.05E-07	8.00E-07	6.84E-08	0	0	8.43E-06	0	0	0	0	0	0	0	7.89E-08	1.37E-07	Human	BaAka
HU122_S6	1.33E-05	0	7.93E-07	4.38E-07	1.27E-06	9.19E-07	2.95E-07	0	0	8.78E-06	0	0	1.92E-06	1.09E-07	0	1.77E-06	0	3.03E-06	0	Human	BaAka
HU123_S7	5.91E-07	0	2.05E-05	2.65E-07	2.65E-07	1.72E-06	5.60E-08	0	0	2.30E-05	0	0	1.13E-05	0	0	6.73E-07	0	1.80E-06	0	Human	BaAka
HU500_S8	4.78E-07	0	1.04E-06	6.76E-08	3.79E-07	2.91E-07	1.45E-07	0	0	1.32E-05	0	0	8.37E-07	0	0	8.26E-07	0	3.94E-06	0	Human	BaAka
HU503_S9	1.50E-05	0	5.64E-07	0	6.00E-08	9.59E-08	2.10E-07	0	4.20E-08	7.14E-06	0	0	3.42E-07	0	0	9.59E-08	0	1.11E-06	0	Human	BaAka
HU506_S10	1.19E-06	0	2.11E-06	2.73E-07	5.68E-07	1.47E-06	4.10E-07	0	0	1.50E-05	0	0	0	0	0	3.72E-07	0	1.02E-06	0	Human	BaAka
HU537_S11	0	0	1.95E-06	3.59E-08	0	2.72E-07	0	0	0	1.63E-05	0	0	2.67E-06	0	0	3.44E-07	0	4.70E-06	0	Human	BaAka
HU538_S12	1.58E-05	0	2.31E-07	7.52E-08	1.37E-06	1.44E-06	3.47E-07	0	0	7.57E-06	0	0	2.91E-06	0	0	2.72E-07	0	2.37E-06	0	Human	BaAka
HU539_S13	1.04E-06	0	1.71E-06	2.73E-07	3.83E-07	9.47E-07	6.22E-08	0	0	6.22E-06	0	0	1.99E-06	0	0	7.36E-07	0	1.14E-06	4.30E-08	Human	BaAka
HU540_S14	0	0	5.29E-06	1.12E-06	1.61E-06	4.12E-08	4.06E-06	0	0	2.67E-05	0	1.39E-07	2.76E-06	5.15E-08	0	8.75E-07	0	2.78E-06	0	Human	BaAka
HU100_S17	6.34E-08	4.76E-08	0	5.55E-07	1.53E-07	3.75E-07	3.17E-08	0	0	5.59E-06	0	0	6.08E-07	0	0	2.64E-06	0	1.74E-06	8.98E-08	Human	Bantu
HU101_S15	7.40E-08	5.55E-08	2.44E-06	2.34E-07	4.63E-07	8.02E-07	2.16E-07	0	0	6.38E-05	0	0	0	0	0	7.77E-07	0	1.18E-06	5.55E-08	Human	Bantu
HU103_S22	3.21E-07	0	5.06E-07	5.06E-07	4.76E-08	9.52E-08	5.95E-08	0	0	1.15E-05	0	1.01E-07	1.96E-07	5.36E-08	0	3.63E-07	0	1.30E-06	1.55E-07	Human	Bantu
HU108_S18	3.95E-06	1.20E-06	3.57E-06	4.19E-06	5.50E-08	1.24E-07	3.30E-07	0	0	4.72E-05	0	0	1.10E-07	0	0	1.37E-07	0	3.85E-07	2.45E-06	Human	Bantu
HU109_S19	5.10E-08	0	2.21E-07	3.40E-08	5.27E-07	4.54E-08	1.01E-06	0	0	3.00E-05	0	9.64E-08	0	0	0	1.11E-06	0	6.97E-07	5.10E-08	Human	Bantu
HU114_S27	5.05E-06	5.33E-08	1.36E-07	6.70E-07	3.08E-07	5.51E-07	3.56E-08	5.93E-08	0	5.00E-06	0	0	2.13E-07	0	0	2.19E-07	0	6.22E-06	2.55E-07	Human	Bantu
HU115_S28	1.82E-05	2.31E-07	1.06E-07	6.67E-07	0	9.26E-06	3.74E-08	0	0	8.55E-06	0	0	2.93E-07	0	0	4.42E-07	0	6.48E-07	1.06E-07	Human	Bantu
HU119_S20	4.31E-07	0	1.30E-07	1.55E-06	1.23E-07	1.37E-07	0	0	0	1.31E-06	0	0	3.08E-07	0	0	1.57E-06	0	4.13E-06	0	Human	Bantu
HU124_S23	5.66E-08	8.49E-08	1.46E-07	2.19E-06	3.44E-07	3.44E-07	0	0	0	8.00E-06	0	0	5.24E-07	0	0	3.31E-06	0	2.54E-06	4.25E-08	Human	Bantu
HU502_S24	0	0	5.43E-08	4.97E-07	2.40E-05	7.76E-08	0	0	0	7.56E-06	0	0	1.78E-06	0	0	0	0	1.18E-05	0	Human	Bantu
HU504_S25	0	0	2.35E-07	4.97E-06	4.41E-05	0	2.00E-05	0	0	3.90E-05	0	0	0	0	0	7.26E-07	0	1.29E-06	0	Human	Bantu
HU505_S21	0	0	2.49E-06	0	5.26E-08	8.42E-08	8.94E-08	0	0	7.20E-06	0	0	1.79E-06	0	0	1.74E-06	0	1.06E-06	0	Human	Bantu
HU508_S26	0	0	9.68E-09	3.39E-08	6.53E-07	1.40E-07	4.87E-06	0	0	3.04E-06	0	0	1.11E-06	0	0	4.36E-07	0	6.72E-06	0	Human	Bantu
HU99_S16	5.73E-08	0	1.84E-06	1.67E-07	0	1.25E-07	8.34E-08	0	0	3.31E-05	0	0	1.88E-07	0	0	1.30E-06	0	3.65E-07	4.69E-08	Human	Bantu
X2009_106	0	0	1.22E-06	0	5.17E-07	1.58E-07	4.96E-06	0	9.31E-06	2.02E-06	2.78E-07	0	0	5.45E-08	0	3.81E-08	0	5.45E-07	4.25E-07	Gorilla	Dry
X2009_107	3.68E-08	0	6.05E-07	0	9.85E-07	1.66E-06	3.41E-06	0	7.26E-06	2.80E-06	3.15E-07	0	0	3.68E-08	6.94E-08	1.18E-07	0	3.68E-07	3.51E-07	Gorilla	Dry
X2009_109	0	0	4.86E-08	0	1.29E-06	7.68E-07	9.05E-07	0	4.88E-06	9.89E-07	2.25E-07	1.19E-07	0	0	7.51E-08	1.99E-07	0	2.74E-07	1.22E-06	Gorilla	Dry
X2009_110	0	0	1.67E-07	0	1.72E-06	3.23E-07	1.26E-06	0	3.78E-06	9.18E-07	2.17E-07	0	0	0	1.28E-07	3.23E-07	0	7.40E-07	4.56E-07	Gorilla	Dry
X2009_111	0	0	4.40E-08	0	4.91E-06	4.78E-07	2.86E-07	0	1.55E-06	2.53E-07	5.66E-07	0	0	0	0	1.26E-07	0	4.45E-07	4.51E-07	Gorilla	Dry
X2009_115	0	0	1.51E-07	0	9.70E-07	1.00E-06	4.85E-07	0	4.75E-07	5.60E-07	3.62E-07	0	0	0	0	0	0	3.91E-07	6.50E-07	Gorilla	Dry
X2009_118	0	0	2.53E-07	0	5.56E-07	4.82E-07	2.31E-06	0	6.62E-06	1.59E-07	3.18E-07	0	0	0	0	0	0	6.11E-07	1.69E-07	Gorilla	Dry
X2009_173	0	0	2.23E-07	0	6.70E-07	3.24E-07	2.37E-06	2.51E-07	4.06E-06	2.07E-06	0	0	5.03E-08	1.12E-07	9.49E-08	3.91E-08	0	3.30E-07	1.45E-07	Gorilla	Dry
X2009_193	0	0	6.98E-08	5.58E-08	7.58E-07	4.05E-07	1.54E-06	3.35E-07	2.51E-06	6.42E-07	2.98E-07	0	3.26E-08	0	7.91E-08	7.44E-08	1.86E-07	2.74E-07	3.02E-07	Gorilla	Dry
X2009_245	0	0	1.29E-06	0	1.16E-06	3.98E-07	2.13E-06	5.27E-07	2.37E-06	1.94E-06	7.61E-08	0	0	0	9.95E-08	1.64E-07	0	3.69E-07	3.04E-07	Gorilla	Dry
X2009_265	0	0	5.91E-07	0	9.44E-07	5.50E-07	7.90E-06	1.06E-07	1.63E-06	9.90E-07	0	0	0	1.44E-07	6.45E-08	1.63E-07	0	7.09E-07	2.46E-07	Gorilla	Dry
X2011_109	0	0	2.22E-08	0	3.89E-07	2.61E-07	3.00E-07	1.00E-07	1.57E-06	1.23E-05	0	0	3.89E-08	3.34E-07	9.46E-08	5.23E-07	0	7.56E-07	2.89E-07	Gorilla	Wet
X2011_118	0	0	1.09E-07	0	1.29E-07	2.87E-07	2.18E-07	2.33E-07	2.13E-06	7.37E-07	0	1.33E-06	4.45E-08	3.32E-07	3.96E-07	8.26E-07	0	2.57E-07	3.22E-07	Gorilla	Wet
X2011_119	0	0	1.69E-08	5.50E-08	5.45E-07	4.23E-08	5.07E-08	1.52E-07	1.69E-07	4.10E-07	1.10E-07	0	0	2.03E-07	3.43E-06	1.61E-07	0	3.47E-07	4.57E-07	Gorilla	Wet
X2011_149	0	0	9.34E-08	0	4.67E-07	0	9.83E-08	4.92E-08	3.44E-08	8.38E-06	0	0	0	2.02E-07	1.12E-06	7.82E-07	1.97E-07	1.62E-07	2.56E-07	Gorilla	Wet
X2011_56	0	0	1.16E-08	2.04E-08	6.25E-07	4.51E-07	6.31E-07	3.02E-07	6.66E-07	3.39E-06	1.48E-07	0	0	5.38E-07	4.16E-07	5.32E-07	2.30E-07	6.63E-07	1.31E-06	Gorilla	Wet
X2011_60	0	0	0	1.07E-07	3.02E-07	0	9.24E-07	1.07E-06	4.80E-07	2.86E-06	0	0	0	4.98E-07	5.15E-07	6.75E-07	0	0	1.30E-06	Gorilla	Wet
X2011_62	0	0	2.59E-07	3.11E-08	2.70E-07	9.86E-08	6.74E-07	0	7.00E-07	4.63E-06	6.74E-08	0	3.63E-08	9.34E-08	3.27E-07	7.78E-08	0	9.91E-07	1.74E-06	Gorilla	Wet
X2011_66	0	0	3.83E-08	2.87E-08	5.36E-07	2.25E-07	3.97E-07	7.73E-06	2.92E-07	4.92E-06	0	0	0	5.26E-07	5.26E-08	1.39E-07	1.91E-07	1.87E-07	9.28E-07	Gorilla	Wet
X2011_69	0	0	1.04E-07	0	4.93E-08	1.04E-07	3.29E-08	1.92E-07	0	1.29E-05	0	0	0	5.48E-08	2.52E-07	3.12E-07	4.33E-07	4.27E-07	1.09E-06	Gorilla	Wet
X2011_70	0	0	3.46E-08	7.50E-08	1.05E-06	5.77E-08	4.79E-07	1.62E-07	3.12E-07	4.01E-06	0	0	0	4.79E-07	1.67E-07	3.66E-05	2.31E-07	1.39E-07	1.14E-06	Gorilla	Wet
X2011_79	0	0	3.50E-07	6.07E-08	4.20E-08	0	1.62E-06	4.67E-08	5.98E-07	4.49E-06	6.07E-08	0	0	8.31E-07	1.07E-07	6.07E-08	0	7.42E-07	2.24E-06	Gorilla	Wet
X2011_85	0	0	1.83E-08	0	1.56E-07	2.65E-07	3.75E-07	4.07E-07	1.17E-06	5.48E-06	1.78E-07	0	0	6.22E-07	5.99E-07	2.24E-07	7.27E-07	3.39E-07	1.79E-06	Gorilla	Wet
