Sample	Campylobacter	Spirochaeta	Olsenella_sp.	Dechloromonas_aromatica	Planctomycetes	Mycobacterium	Eubacterium_biforme	Acholeplasma	Butyricicoccus	Eggerthella	Rickettsia	Anaeromyxobacter	Anaerolinea	Atopobium	Chroococcales	Prevotella_oralis	Adlercreutzia	Thermodesulfovibrio	Solobacterium	Sphaerochaeta_pleomorpha	Faecalibacterium	Eubacterium	Bacteroides_coprophilus	Euryarchaeota	Thermobacillus	Chloroflexi	Paraprevotella_xylaniphila	Bulleidia	Candidatus	Desulfovibrio_desulfuricans	Faecalibacterium_cf.	Actinobacteria	X.Eubacterium._hallii	Prevotella	Echinicola	Bacteroides_uniformis	Slackia	Leptospira	Eggerthella_sp.	Anaerofustis	Firmicutes	Bacteroidetes.Chlorobi.group	Bacteroides_massiliensis	Clostridium_butyricum	Shuttleworthia	Prevotella_bivia	Prevotella_buccae	Prevotella_copri	Prevotella_dentalis	Prevotella_melaninogenica	Prevotella_multiformis	Prevotella_timonensis	Prevotella_veroralis	Prevotellaceae	Spirochaetaceae	Group	Group1
HU107_S1	2.40E-05	2.81E-07	6.98E-07	0	9.00E-08	0	0.005013261	7.43E-07	7.36E-05	2.54E-05	0	0	8.20E-06	2.41E-05	0	6.70E-06	1.09E-05	0	1.15E-05	0	0.01992798	0.003846578	0.000913722	2.62E-06	0	6.30E-06	0.000984188	1.44E-05	3.41E-06	2.03E-06	0.004252231	0.001779015	0.000626053	0.1735524	0	0.004485079	4.40E-05	0	1.45E-06	4.69E-06	0.042345337	0.105060795	0.001810225	8.90E-05	1.83E-05	0.00172425	0.000355108	0.103240328	0.001388861	0.000657464	0.000255256	7.86E-05	0.001887432	0.001299139	0	Human	BaAka
HU112_S2	7.68E-06	2.94E-07	4.35E-06	0	4.00E-07	6.71E-07	0.010274349	3.18E-06	0.000242465	9.23E-05	0	0	6.13E-06	2.05E-05	0	0	4.90E-05	0	9.32E-05	0	0.027379842	0.023294678	0.000966873	6.80E-06	0	2.09E-06	0.001410996	8.92E-05	8.97E-06	2.00E-07	0.003109701	0.003600551	0.000695638	0.130078232	0	0.008808743	0.000128304	5.17E-06	7.88E-07	6.54E-06	0.086398084	0.083055636	0.001581614	5.62E-05	1.08E-06	0.001865192	0.000427686	0.184934674	0.001053499	0.000434451	0.00022445	0.000256338	0.001419468	0.00135141	0	Human	BaAka
HU113_S3	8.20E-06	1.13E-06	1.68E-06	0	6.27E-07	0	0.00360222	4.50E-07	0.000154085	0.000145699	0	0	5.69E-06	1.91E-05	0	0	5.38E-05	0	0.000101269	0	0.022843	0.017340345	0.000715305	1.26E-05	1.08E-06	4.24E-06	0.001168261	0.000125761	1.55E-05	3.86E-06	0.004317075	0.003967311	0.001255456	0.161749426	0	0.006430631	8.00E-05	2.45E-06	8.32E-07	2.74E-05	0.076377751	0.10843145	0.000959914	4.04E-05	9.01E-06	0.001788407	0.000250759	0.114352914	0.00113005	0.000685808	0.000416558	0.000105687	0.00168246	0.001246429	0	Human	BaAka
HU117_S4	1.39E-05	4.11E-07	0	0	2.91E-06	0	0.00218674	3.18E-06	0.000115863	7.04E-05	0	3.22E-07	3.72E-06	5.92E-05	3.57E-07	2.13E-06	2.25E-05	0	5.67E-05	0	0.013620176	0.041822771	0.000804678	1.22E-05	1.41E-06	2.16E-06	0.001195469	6.74E-05	2.06E-05	3.04E-07	0.002275094	0.003308834	0.001428876	0.163844867	0	0.00417584	6.49E-05	0	0	1.51E-05	0.083483313	0.10593723	0.001036761	0.000121172	7.61E-06	0.00134726	0.000381926	0.14207501	0.000828719	0.000602534	0.000222574	0.000112717	0.001630358	0.00132851	0	Human	BaAka
HU118_S5	8.03E-06	0	3.07E-06	0	3.34E-06	0	0.003324919	1.25E-05	0.000141333	4.67E-05	0	0	7.96E-06	1.15E-05	0	1.34E-06	1.08E-05	0	0.000564432	0	0.011548636	0.021531076	0.000447565	7.13E-06	6.11E-07	2.75E-06	0.000767329	0.000516598	1.10E-05	1.05E-06	0.001607951	0.001731721	0.002126947	0.17727247	0	0.002217468	4.09E-05	2.90E-07	6.41E-07	9.87E-06	0.089206997	0.114731858	0.000697533	5.74E-05	1.82E-05	0.000961185	0.000245844	0.129816329	0.001310807	0.00070016	0.00029716	7.29E-05	0.002159203	0.001431018	0	Human	BaAka
HU122_S6	3.36E-05	7.66E-06	1.50E-06	0	2.58E-05	0	0.010540535	2.40E-06	0.000526598	0.000264172	0	1.68E-05	1.63E-05	2.50E-05	0	2.91E-07	8.51E-05	0	0.00032819	3.37E-06	0.028030672	0.026217844	0.000489666	0.00010723	7.69E-06	3.02E-05	0.000722968	0.000685649	6.38E-05	9.04E-06	0.003402781	0.008121814	0.003132402	0.095535667	0	0.006288325	0.00018153	1.37E-05	5.65E-06	9.21E-07	0.169379232	0.09861523	0.000786138	0.00010175	3.11E-05	0.001314239	0.000106673	0.039406449	0.000745108	0.000459936	0.00023226	0.000119209	0.001088769	0.001004042	7.59E-06	Human	BaAka
HU123_S7	2.12E-05	0	8.72E-07	0	5.65E-06	0	0.004600438	2.50E-06	0.0001496	5.73E-05	0	6.71E-06	4.39E-06	1.41E-05	0	1.00E-05	2.16E-05	0	0.000108581	0	0.033506011	0.030164854	0.001346186	8.93E-06	1.11E-06	1.63E-06	0.001885208	7.78E-05	5.80E-06	7.31E-07	0.007270274	0.001989007	0.002241659	0.173547152	0	0.004540134	5.41E-05	0	1.13E-07	9.76E-06	0.095243404	0.14570757	0.001402452	0.000209566	8.59E-06	0.001689132	0.00035835	0.10661043	0.001055483	0.000687666	0.000237081	9.84E-05	0.001269691	0.001545595	0	Human	BaAka
HU500_S8	1.12E-05	6.04E-06	0	0	1.04E-05	0	0.004931922	8.90E-06	0.000359893	8.49E-05	1.63E-05	3.41E-05	8.23E-06	1.54E-05	0	3.76E-05	1.95E-05	2.21E-06	6.16E-05	0	0.022344345	0.02741815	0.001562114	9.77E-05	2.68E-06	9.74E-06	0.001951493	0.000114246	4.64E-05	3.88E-06	0.006416016	0.0034928	0.000851232	0.162169807	9.92E-07	0.011470592	5.35E-05	6.83E-06	1.56E-06	1.38E-06	0.127776201	0.152570591	0.001696964	6.33E-05	4.06E-05	0.003054278	0.000341521	0.102540944	0.001280151	0.000818861	0.000208948	7.73E-05	0.002805566	0.001525482	1.18E-05	Human	BaAka
HU503_S9	2.07E-05	2.02E-05	1.57E-06	0	1.02E-05	0	0.001704525	7.83E-06	0.000412791	0.000120054	0	5.70E-05	1.13E-05	1.08E-05	0	1.95E-05	6.64E-06	0	2.48E-05	1.74E-06	0.023605188	0.015208551	0.000894448	4.62E-05	4.02E-06	1.24E-05	0.001197589	4.35E-05	0.000153136	8.59E-07	0.00497246	0.002700593	0.000526482	0.17311119	0	0.008581466	3.20E-05	4.55E-06	0	4.14E-06	0.122120212	0.126671952	0.001031473	3.99E-05	3.76E-05	0.00075212	0.000413448	0.155646051	0.00130176	0.000619086	0.00012657	0.000136999	0.001902688	0.001292138	3.84E-06	Human	BaAka
HU506_S10	8.31E-06	4.37E-07	2.15E-06	0	5.39E-06	0	0.004774486	1.26E-06	0.000163353	4.29E-05	0	1.75E-05	6.38E-06	1.07E-05	0	8.33E-06	2.16E-05	0	7.76E-05	0	0.023769922	0.014775915	0.000790235	1.17E-05	2.08E-06	6.54E-06	0.001054189	0.000120766	1.23E-05	3.01E-06	0.004895829	0.002560644	0.000831913	0.19846835	0	0.005212375	4.90E-05	3.32E-07	1.03E-06	0	0.080304543	0.171450527	0.000907049	2.62E-05	7.05E-06	0.001334426	0.00033372	0.121125314	0.001634269	0.00085054	0.000458369	0.000210296	0.001971627	0.001878757	0	Human	BaAka
HU537_S11	3.98E-05	6.96E-06	5.04E-06	0	4.01E-05	0	0.003557181	3.49E-06	0.000543903	0.000334144	8.88E-06	4.87E-05	4.25E-06	2.52E-05	0	9.72E-06	0.000100337	6.00E-06	0.000123344	0	0.037208421	0.030556263	0.000571871	0.000935861	4.04E-06	1.34E-05	0.000891623	0.000218517	0.00030487	4.72E-06	0.008646857	0.00592624	0.008409049	0.124502857	0	0.003098652	0.00029801	2.61E-06	7.51E-06	4.35E-06	0.15095828	0.111782414	0.000692888	0.000312117	3.73E-05	0.001003576	0.000207656	0.065537485	0.00081762	0.000425295	0.000119016	0.000136042	0.000987938	0.001453061	3.10E-06	Human	BaAka
HU538_S12	5.12E-05	1.22E-05	0	0	5.14E-05	0	0.003205135	0	0.000278654	0.000128221	0	1.83E-05	2.13E-06	1.05E-05	0	0	3.64E-05	0	6.92E-05	0	0.018731752	0.016021829	0.000868176	9.59E-05	5.69E-06	1.01E-05	0.001257911	7.79E-05	3.71E-05	9.10E-06	0.002787542	0.002565401	0.01102154	0.150925022	0	0.006860935	6.68E-05	2.08E-05	1.23E-06	0	0.119104652	0.135920411	0.001266931	0.000221917	8.32E-06	0.00140049	0.000194407	0.06656757	0.001118952	0.000688352	0.000264316	0.000144399	0.001294297	0.001964998	3.72E-06	Human	BaAka
HU539_S13	7.73E-05	3.06E-05	2.30E-06	0	1.65E-05	0	0.001861036	6.16E-07	0.000594775	0.000234448	0	6.67E-05	2.91E-06	1.98E-05	0	1.62E-05	7.48E-05	0	3.48E-05	7.79E-06	0.022698665	0.028108146	0.000807487	0.000198333	1.26E-05	1.19E-05	0.001165442	6.66E-05	0.000108008	7.21E-06	0.002946985	0.004941557	0.002493588	0.184406147	0	0.004457517	0.000127915	1.97E-05	1.42E-06	1.82E-05	0.118867512	0.153487296	0.000894021	0.000238668	2.17E-05	0.000723885	0.000158371	0.06959168	0.000859007	0.000726536	0.000245764	9.21E-05	0.001153416	0.001950745	4.29E-05	Human	BaAka
HU540_S14	5.52E-06	3.14E-06	1.40E-06	0	3.30E-07	0	0.010305786	0	0.000255045	7.63E-05	0	0	3.55E-06	1.42E-05	0	2.81E-06	2.63E-05	0	4.61E-05	0	0.019992487	0.02571561	0.001186952	1.44E-05	2.71E-06	7.42E-06	0.00175417	4.09E-05	5.91E-06	2.15E-06	0.002502839	0.002461959	0.003456267	0.078906067	0	0.002773461	4.95E-05	6.99E-06	2.60E-06	5.81E-07	0.098283307	0.026682737	0.007357297	0.000195263	5.06E-06	0.000676316	0.000443362	0.308991877	0.000970145	0.000394261	0.000153166	3.07E-06	0.001142122	0.000643795	6.95E-07	Human	BaAka
HU100_S17	1.92E-05	6.10E-06	7.30E-06	0	2.11E-05	0	0.019897662	3.45E-06	0.000622796	0.00016844	0	7.08E-06	1.59E-05	9.12E-05	3.38E-07	0	8.16E-05	0	0.000284175	2.35E-06	0.025994395	0.052486861	0.000212341	5.59E-05	1.33E-06	1.28E-05	0.000282046	0.000165838	2.86E-05	6.24E-06	0.006114949	0.014991604	0.004040775	0.038822045	0	0.002446439	0.000315403	6.42E-07	4.65E-06	8.11E-06	0.183477097	0.030916895	0.000264185	5.69E-05	7.09E-05	0.000322061	8.20E-05	0.056665118	0.000377081	0.000161782	3.83E-05	5.23E-05	0.000375239	0.000375831	1.03E-06	Human	Bantu
HU101_S15	1.06E-05	9.27E-06	5.97E-06	0	1.01E-05	0	0.002451787	1.60E-06	0.000433837	8.65E-05	9.36E-06	2.06E-05	2.24E-05	2.69E-05	0	0	3.25E-05	0	0.000126857	0	0.038418748	0.033715786	7.54E-05	4.03E-05	1.28E-06	1.91E-06	0.000107628	0.000189761	3.03E-05	2.51E-05	0.00401126	0.004126025	0.000896721	0.00856045	0	0.000949437	7.48E-05	0	3.36E-06	9.04E-07	0.144308124	0.009844751	0.000125243	2.43E-05	1.39E-05	0.0001493	1.85E-05	0.008425326	0.000197382	0.000115119	5.03E-05	2.26E-05	0.000307448	0.00027112	0	Human	Bantu
HU103_S22	1.50E-05	1.50E-06	1.04E-05	0	7.21E-07	0	0.007065336	2.53E-06	0.000374884	6.78E-05	0	0	3.76E-05	6.59E-05	0	0	3.49E-05	0	0.00042298	0	0.083122227	0.016301509	0.000349286	9.41E-06	1.83E-06	5.57E-06	0.00041193	0.000359184	3.95E-05	3.70E-06	0.018769439	0.006803878	0.000897892	0.037313929	0	0.001289749	0.00011915	5.83E-07	1.09E-06	0	0.143809432	0.037448993	0.000389432	7.90E-05	2.05E-05	0.000544708	9.88E-05	0.035392549	0.000280871	0.000151086	4.48E-05	3.04E-05	0.000451386	0.000281378	0	Human	Bantu
HU108_S18	9.77E-05	0	9.15E-07	0	4.72E-07	0	0.000308673	1.12E-05	0.000180056	1.34E-05	0	1.09E-06	8.76E-05	1.17E-05	2.60E-06	0	8.46E-06	0	2.76E-06	0	0.012478882	0.012381054	3.23E-05	1.35E-05	5.90E-07	3.44E-06	4.23E-05	8.88E-05	4.49E-05	5.02E-07	0.003122555	0.00169216	0.001251504	0.006250733	0	0.000265205	2.46E-05	1.98E-06	0	3.90E-05	0.156243621	0.008638791	8.55E-05	5.63E-05	4.25E-05	6.72E-05	2.46E-05	0.00410202	4.19E-05	1.90E-05	8.80E-06	1.29E-05	7.12E-05	7.82E-05	0	Human	Bantu
HU109_S19	1.06E-06	0	0	0	2.82E-07	0	0.000473142	3.33E-07	6.37E-05	3.07E-05	0	0	1.36E-05	2.89E-05	0	2.76E-05	4.78E-06	0	0	0	0.190487203	0.006566111	4.27E-05	4.96E-05	4.03E-07	3.58E-06	2.50E-05	1.87E-05	4.88E-06	1.71E-07	0.043541747	0.006877268	0.000666225	0.003115642	0	0.001235031	5.71E-05	0	2.81E-06	0	0.123476323	0.008814411	8.79E-05	3.01E-05	3.92E-06	0.000202287	3.52E-05	0.000313859	9.80E-05	6.33E-05	4.03E-07	2.66E-05	6.06E-05	6.49E-05	0	Human	Bantu
HU114_S27	3.04E-05	8.62E-06	0	0	3.58E-05	0	0.00168219	3.65E-06	0.000621677	0.000233621	0	9.01E-05	2.52E-05	2.17E-05	0	3.15E-06	7.90E-05	0	1.93E-05	0	0.013734568	0.010554404	0.000132085	0.000183316	8.38E-06	2.76E-05	0.000138803	3.49E-05	0.000479621	6.37E-06	0.001696155	0.008683159	0.002405667	0.032016276	0	0.000882011	0.000150043	3.62E-05	9.92E-06	3.31E-05	0.168649089	0.045779303	0.00014597	6.06E-05	5.20E-05	0.000280594	4.86E-05	0.012861947	0.000289745	0.000154725	8.23E-05	3.96E-05	0.000240154	0.000497421	2.93E-05	Human	Bantu
HU115_S28	4.98E-05	9.72E-05	5.21E-06	0	2.82E-05	0	0.005482683	1.17E-05	0.002072236	0.000479475	0	8.72E-05	2.53E-05	7.76E-05	1.10E-06	0	0.000203189	0	0.000393847	0	0.049511939	0.014889754	0.000210284	0.000240611	1.01E-05	4.19E-05	0.000217971	0.000374868	0.000185533	1.33E-05	0.004069036	0.015262735	0.003647735	0.045721724	0	0.0012991	0.000351807	2.30E-05	1.45E-05	4.46E-05	0.193196547	0.043323278	0.000271162	7.71E-05	7.14E-05	0.000177959	8.17E-05	0.036515139	0.000247904	0.00015608	0.000123755	0.000109281	0.000369068	0.00043783	1.11E-05	Human	Bantu
HU119_S20	4.96E-05	4.79E-06	1.48E-06	0	5.63E-06	0	0.006755547	2.50E-06	0.000278483	0.000146692	6.91E-06	7.95E-05	1.03E-05	2.36E-05	4.77E-07	0	5.39E-05	0	0.001308282	0	0.015083031	0.017978198	8.68E-05	0.000184908	2.84E-06	1.31E-05	0.000110359	0.001131909	6.99E-05	8.89E-06	0.003059143	0.005453416	0.001651135	0.029502576	0	0.001996158	7.28E-05	4.53E-07	1.22E-05	8.42E-06	0.121210894	0.025636068	0.000143545	3.22E-05	2.50E-05	0.000299177	7.74E-05	0.024571199	0.000135773	0.00013501	3.75E-05	1.61E-05	0.000382405	0.000229157	7.15E-07	Human	Bantu
HU124_S23	6.92E-05	2.95E-05	4.61E-06	0	1.99E-05	0	0.003910352	4.26E-06	0.000597289	0.000179468	3.61E-06	3.85E-05	1.60E-05	4.34E-05	0	1.48E-05	4.57E-05	0	0.000241415	1.72E-06	0.046030766	0.023402579	0.000442421	0.000248462	4.93E-06	0.000107935	0.000594152	0.000231182	9.67E-05	2.37E-05	0.00623766	0.012635666	0.002910256	0.08784595	0	0.002589215	0.000135024	1.86E-05	8.04E-06	2.94E-05	0.207722813	0.099214857	0.000626968	0.000240195	7.39E-05	0.000709556	0.000180539	0.060707258	0.000537533	0.000354703	9.92E-05	4.48E-05	0.001351812	0.001008786	6.80E-06	Human	Bantu
HU502_S24	2.34E-05	0	0	0	1.21E-07	0	0.000213374	0	4.05E-05	4.76E-06	0	0	1.56E-05	2.07E-06	0	1.21E-05	3.74E-07	0	3.28E-06	0	0.080064498	0.023361152	5.23E-05	3.21E-06	0	7.70E-07	1.47E-06	6.33E-05	2.88E-05	0	0.004595407	0.000209569	0.000450123	0.001652904	0	0.000103883	1.73E-06	0	2.20E-07	0	0.11218688	0.019751942	0.00023952	3.72E-05	5.13E-06	2.80E-06	0.001310633	0.000379897	2.79E-05	1.63E-06	2.37E-06	5.85E-05	1.87E-05	3.45E-05	0	Human	Bantu
HU504_S25	1.47E-05	1.70E-06	0	0	0	0	0.003533316	0	0.00013194	5.50E-05	0	0	9.82E-07	3.48E-06	0	0	1.59E-05	0	3.99E-06	0	0.080657328	0.002627259	0.00014289	2.39E-06	0	1.39E-07	0.000565502	6.45E-06	3.80E-06	0	0.010126237	0.000546726	0.000148601	0.010879109	0	0.004416931	1.79E-05	0	1.01E-06	0	0.03072985	0.043174728	0.001320313	9.84E-06	1.49E-06	1.21E-05	3.29E-05	0.022455099	3.19E-05	7.48E-05	2.86E-05	0.000107056	0.00010057	0.000269371	0	Human	Bantu
HU505_S21	2.36E-06	1.36E-05	2.56E-06	0	6.86E-06	0	0.010713885	3.02E-06	0.000479815	0.000168355	0	1.73E-05	1.52E-05	2.68E-05	0	4.65E-06	4.78E-05	0	0.000171692	0	0.089582962	0.031912704	0.000325159	0.000137516	4.96E-06	1.14E-05	0.000369385	0.000173172	6.07E-05	4.92E-06	0.011984057	0.0070031	0.003128463	0.057130995	0	0.00228825	0.000128738	9.28E-06	1.61E-06	2.65E-06	0.135818789	0.079351812	0.000414404	7.68E-05	2.32E-05	0.001109699	8.79E-05	0.041139977	0.00031563	0.000352892	4.52E-05	0.000123337	0.000819299	0.000308144	2.52E-06	Human	Bantu
HU508_S26	1.15E-06	1.27E-06	3.17E-06	0	3.89E-06	0	0.048151027	0	0.000315497	6.15E-05	0	1.87E-06	3.57E-06	1.26E-05	0	0	1.82E-05	0	0.000172412	0	0.077146349	0.043633153	5.86E-05	2.09E-05	3.40E-06	1.02E-05	0.000153941	3.16E-05	4.72E-05	2.14E-05	0.016885466	0.003052859	0.002204022	0.009457903	0	0.003397066	4.90E-05	0	5.83E-07	3.77E-06	0.128570171	0.06819781	0.000571243	0.000133464	4.58E-05	0.00014017	1.66E-05	0.005114345	5.64E-05	3.37E-05	1.72E-05	7.72E-05	8.42E-05	5.38E-05	0	Human	Bantu
HU99_S16	3.38E-06	5.60E-07	4.94E-06	0	5.06E-06	0	0.009196035	0	0.000116585	3.81E-05	0	1.04E-06	2.38E-06	2.08E-05	0	1.50E-05	1.53E-05	1.12E-06	0.000187113	0	0.153778123	0.044810503	0.000175272	2.32E-05	4.57E-07	7.54E-06	0.000200359	0.000157352	2.11E-05	9.26E-07	0.098845395	0.003811304	0.000456878	0.027954157	0	0.000749273	5.34E-05	0	9.14E-08	4.46E-07	0.146255621	0.026211789	0.000194541	6.88E-05	1.09E-05	0.000214976	4.46E-05	0.019540722	0.000262783	0.000143157	3.32E-05	3.37E-05	0.000408672	0.000320464	1.38E-06	Human	Bantu
