Samples	Prevotella	Prevotella_copri	Faecalibacterium	Ruminococcus_sp.	Candidatus	Olsenella	Bacteroides_ovatus	Collinsella_aerofaciens	Prevotella_stercorea	Treponema	Bacteroides_sp.	Collinsella	Eubacterium_rectale	Lactococcus_lactis	Leuconostoc_citreum	Ruminococcus_bromii
X2009_106	0.057014318	0.004916459	0.002976129	0.00839395	0.004977249	0.003559299	0.00051589	0.000263663	0.000809227	0.009626542	0.000370921	0.002906581	0.00315345	9.65E-05	6.14E-05	0.000253051
X2009_107	0.022241986	0.001176669	0.001468753	0.009822857	0.002348723	0.007108864	0.000262954	0.000262055	0.000633379	0.004055195	0.000180657	0.00437635	0.002576852	5.02E-05	4.48E-05	0.000550483
X2009_109	0.023509309	0.000790405	0.002821565	0.00189921	0.005671677	0.00341084	0.000354977	0.000290907	0.000329268	0.002622463	0.000369737	0.002960652	0.000828116	0.000509067	0.000199913	0.000298125
X2009_110	0.026374904	0.001185409	0.003534963	0.001611352	0.009836426	0.001910689	0.000514435	0.000260244	0.000402388	0.003426678	0.000652817	0.001898258	0.001105422	0.000183692	0.000136092	0.000463564
X2009_111	0.02533393	0.001490797	0.003215055	0.000963753	0.014487888	0.001912401	0.000368656	0.000208284	0.000371707	0.00751685	0.000378879	0.001949022	0.001690841	0.000878151	0.000265353	0.000648352
X2009_115	0.012377081	0.000790021	0.003174512	0.00387037	0.005009198	0.005563813	0.00025335	0.000564419	0.000284522	0.004399363	0.000521038	0.004707194	0.00080223	0.000269168	5.77E-05	0.00090592
X2009_118	0.034110746	0.00259619	0.002142704	0.002655688	0.010646435	0.009741738	0.000465622	0.000823961	0.000530093	0.006501936	0.000227628	0.009674317	0.004263496	9.94E-05	4.86E-05	0.000343928
X2009_173	0.02982507	0.001713493	0.002796579	0.012171193	0.001445294	0.004604987	0.001436815	0.000135746	0.000511619	0.007548507	0.00018876	0.002789582	0.005393778	9.43E-05	5.64E-05	0.000289108
X2009_193	0.016516236	0.00077811	0.004695447	0.005465832	0.008654026	0.003403249	0.001042007	0.00027673	0.00058623	0.006703954	0.000745091	0.002676224	0.002317633	0.000333173	0.000189263	0.00324065
X2009_245	0.025433886	0.001777416	0.003845115	0.00333946	0.003822507	0.003701712	0.000221525	0.000305132	0.000571202	0.004534303	0.000343256	0.003487411	0.003197797	0.000116247	0.000129223	0.000493749
X2009_265	0.038821433	0.001872995	0.002680751	0.004623873	0.006212702	0.00467057	0.00052603	0.000179384	0.000863564	0.005532914	0.000373167	0.003125265	0.001955243	0.000209403	6.61E-05	0.000324925
X2011_109	0.017306862	0.001191731	0.004055701	0.001116107	0.067924202	0.000530685	0.000231432	0.000126759	0.000421331	0.018496192	0.000485191	0.000751554	0.00540192	0.000271404	0.000154848	0.00051352
X2011_118	0.016789252	0.001563373	0.003453376	0.001562737	0.015708274	0.001580062	0.000475878	0.000288324	0.000447268	0.018717719	0.000847171	0.001948971	0.002707452	0.000296589	0.000332193	0.001104025
X2011_119	0.008981152	0.00202607	0.005673174	0.00142259	0.011507228	0.001199164	0.00094987	0.000269493	0.000910181	0.005933276	0.002924735	0.00135721	0.001445801	0.000316446	0.000178245	0.000986901
X2011_149	0.01011698	0.000477224	0.00151191	0.000951505	0.009453601	0.005683421	0.000125107	0.000293676	0.000259374	0.004971163	0.000356998	0.003713277	0.002555356	0.000167567	0.000190167	0.000447067
X2011_56	0.022521831	0.000954289	0.003333963	0.000892711	0.011934724	0.009732343	0.000385601	0.000349245	0.000407074	0.007452251	0.00037833	0.005458576	0.001569104	0.000214785	0.000109579	0.000366344
X2011_60	0.019195659	0.000581308	0.002990355	0.001119693	0.006009775	0.017780919	0.000386299	0.000540751	0.000364331	0.005475108	0.000462004	0.009124165	0.001026752	0.000373118	0.000203796	0.000423138
X2011_62	0.01813771	0.000833663	0.002844882	0.002272116	0.00195839	0.026029435	0.000271262	0.000582435	0.000403682	0.004195312	0.000225317	0.014106919	0.001808256	6.79E-05	2.89E-05	0.000454965
X2011_66	0.01713108	0.000832946	0.002296844	0.001394496	0.003382563	0.035753962	0.000512341	0.000697411	0.000245192	0.002956744	0.000332303	0.018610531	0.001093692	0.000977108	0.00022794	0.000231599
X2011_69	0.007883809	0.000844451	0.002565703	0.001554133	0.017626873	0.029612895	0.000252084	0.000735734	0.000169163	0.007160335	0.000328535	0.016339382	0.00226654	0.00022731	0.000110164	0.001466359
X2011_70	0.008577601	0.00040232	0.001912191	0.00084953	0.002948865	0.005978534	0.000107538	0.000170086	0.000149885	0.004682342	0.000198217	0.003342955	0.001113238	9.81E-05	0.000524073	0.00037758
X2011_79	0.021703457	0.001105916	0.002281815	0.001557368	0.005400442	0.017390528	0.000246337	0.000957009	0.000431997	0.006388841	0.000208007	0.012757018	0.001342736	0.000123984	3.92E-05	0.000154217
X2011_85	0.027653318	0.001402066	0.002747111	0.000886579	0.009424664	0.009619216	0.000451201	0.000409405	0.000548526	0.009314103	0.000543551	0.005474915	0.002592862	0.000245603	0.000143899	0.000319841
HU100_S17	0.038822045	0.056665118	0.025994395	0.025849223	2.86E-05	0.000675637	0.002576115	0.02860973	0.002218146	9.82E-05	0.003106935	0.06529131	0.002847532	0.002106973	0.00484264	0.000344214
HU101_S15	0.00856045	0.008425326	0.038418748	0.004769111	3.03E-05	0.000354901	0.000771381	0.00408989	0.000923878	0.000991852	0.00167138	0.00837085	0.006779198	0.00363692	0.01006971	0.046321983
HU103_S22	0.037313929	0.035392549	0.083122227	0.011056573	3.95E-05	0.00083092	0.002563308	0.009789767	0.00356864	1.39E-05	0.001285606	0.019586577	0.008812411	0.005992924	0.027147667	0.000352447
HU107_S1	0.1735524	0.103240328	0.01992798	0.005317328	3.41E-06	0.000101146	0.007234641	0.003235281	0.005019563	3.61E-06	0.002321468	0.005929774	0.014183188	0.002540304	0.004609296	0.000104849
HU108_S18	0.006250733	0.00410202	0.012478882	0.016110107	4.49E-05	0.000110212	0.00034547	0.001625106	0.000476951	4.15E-05	0.000428981	0.003882599	0.032672264	0.041459038	0.068818987	0.001081279
HU109_S19	0.003115642	0.000313859	0.190487203	0.005532812	4.88E-06	3.27E-05	0.001578134	0.028230519	0.00057808	2.12E-06	0.00300654	0.05951028	0.003751787	0.00081074	0.001783283	0.023496501
HU112_S2	0.130078232	0.184934674	0.027379842	0.00676858	8.97E-06	0.000154262	0.010318239	0.003858536	0.00858201	3.75E-06	0.002671885	0.007807406	0.003570734	0.003799385	0.004149492	0.000132258
HU113_S3	0.161749426	0.114352914	0.022843	0.005302954	1.55E-05	0.000191001	0.008300956	0.002946945	0.018738118	5.85E-06	0.001852747	0.006852985	0.010331543	0.002168854	0.004254167	0.003115199
HU114_S27	0.032016276	0.012861947	0.013734568	0.010240035	0.000479621	0.000202756	0.001693986	0.008023238	0.006043897	0.00793765	0.000868892	0.026666234	0.00138324	0.010955234	0.017612661	0.148071635
HU115_S28	0.045721724	0.036515139	0.049511939	0.013749352	0.000185533	0.000433859	0.002208971	0.012330609	0.010356082	0.000131048	0.002002009	0.039119252	0.001393261	0.007715588	0.022185393	0.005907503
HU117_S4	0.163844867	0.14207501	0.013620176	0.01628499	2.06E-05	0.000141924	0.006133732	0.003091908	0.012127506	0.001022998	0.001634415	0.007730915	0.055189468	0.004543592	0.008142817	0.003467149
HU118_S5	0.17727247	0.129816329	0.011548636	0.015157978	1.10E-05	0.000116744	0.005253902	0.001740243	0.019506486	1.16E-05	0.002243951	0.004547465	0.004239736	0.003956031	0.005678955	0.002549328
HU119_S20	0.029502576	0.024571199	0.015083031	0.006186184	6.99E-05	0.000438931	0.002145353	0.001204909	0.003429341	0.000534294	0.000868135	0.003697311	0.00109846	0.006552878	0.011270761	0.027407193
HU122_S6	0.095535667	0.039406449	0.028030672	0.023096088	6.38E-05	0.000256218	0.007628001	0.00429724	0.053473121	0.001281454	0.003297442	0.01358884	0.002534511	0.002344809	0.004764573	0.007103198
HU123_S7	0.173547152	0.10661043	0.033506011	0.012435562	5.80E-06	6.28E-05	0.006460917	0.002782089	0.039417313	0.000318921	0.002497519	0.007389293	0.027506201	0.001142302	0.002081088	0.001800048
HU124_S23	0.08784595	0.060707258	0.046030766	0.009357361	9.67E-05	0.00097592	0.005323986	0.001762238	0.012098681	0.000942655	0.001999321	0.004520439	0.003506648	0.003992965	0.006964172	0.009713609
HU500_S8	0.162169807	0.102540944	0.022344345	0.003860087	4.64E-05	0.000172181	0.013619986	0.00163132	0.015512057	0.000729795	0.004670585	0.004419753	0.009174873	0.00026172	6.63E-05	0.002012087
HU502_S24	0.001652904	0.000379897	0.080064498	0.000728303	2.88E-05	4.65E-06	0.015759239	2.91E-05	8.45E-05	4.71E-05	0.047921006	8.02E-05	0.000408429	0.053795434	9.65E-05	3.65E-05
HU503_S9	0.17311119	0.155646051	0.023605188	0.003233262	0.000153136	2.70E-05	0.010275334	0.000382992	0.007608354	0.000255589	0.003184599	0.001074782	0.008796221	0.00017594	8.48E-05	0.000350441
HU504_S25	0.010879109	0.022455099	0.080657328	0.002099858	3.80E-06	9.67E-06	0.009290212	0.000971454	0.021511382	1.37E-06	0.043492161	0.001465565	0.000911144	0.0001114	6.04E-05	0.000638392
HU505_S21	0.057130995	0.041139977	0.089582962	0.020119564	6.07E-05	0.000322907	0.00432257	0.008381346	0.008559398	0.009696537	0.00338427	0.020778202	0.012485371	8.65E-05	3.81E-05	0.010322814
HU506_S10	0.19846835	0.121125314	0.023769922	0.004685901	1.23E-05	0.000131155	0.009628847	0.001271271	0.023349873	0.000442873	0.00346033	0.003567909	0.0023132	0.000611736	0.00030042	0.000530147
HU508_S26	0.009457903	0.005114345	0.077146349	0.006905661	4.72E-05	4.54E-05	0.002417543	0.00358999	0.006963166	5.21E-06	0.027925914	0.007014926	0.003690354	0.000434229	9.61E-05	0.002869814
HU537_S11	0.124502857	0.065537485	0.037208421	0.022957771	0.00030487	0.000218782	0.004249375	0.00178839	0.017384803	0.00876918	0.003029978	0.004627083	0.015462944	0.000599675	9.39E-05	0.00194997
HU538_S12	0.150925022	0.06656757	0.018731752	0.073856283	3.71E-05	4.36E-05	0.009494363	0.002039304	0.029615396	0.002219865	0.00343961	0.006041806	0.006752492	0.000323794	6.87E-05	0.002835873
HU539_S13	0.184406147	0.06959168	0.022698665	0.014615861	0.000108008	9.02E-05	0.005626712	0.001640388	0.025932757	0.003371381	0.002840078	0.003796207	0.00274432	0.000413939	5.67E-05	0.005339212
HU540_S14	0.078906067	0.308991877	0.019992487	0.024189179	5.91E-06	5.99E-05	0.004876424	0.002055901	0.0015178	2.97E-05	0.014458593	0.006245214	0.010043192	0.000505854	0.000111843	0.008083032
HU99_S16	0.027954157	0.019540722	0.153778123	0.002560043	2.11E-05	0.000519097	0.001297753	0.00329943	0.00330103	0.000182827	0.000394203	0.007088413	0.089876999	0.00075989	0.002158891	0.004148854