Samples	Valine, leucine and isoleucine degradation	Styrene degradation	Streptomycin biosynthesis	Two-component system	ABC transporters	Phosphotransferase system (PTS)	GH13_32	GH13_23	GH13_41	GH13_16	PL13	PL21_1	GH43_8	PL4_2	GH96	GH113	AA1	AA3_2	AA7	GT24	GT88	GT39	GT64	GT10	GT21	dfrA15	SmeE	tetA	VanTG	BL2b_tem1	pbp2	PmrA	BL2e_cepa	EmrD	EmrE	QnrB	BcrA	P32320	O94808	Q99707	P03697	P49915	Q06830	P07203	Q99798
X2009_106	6.19E-05	4.38E-06	0.000267571	0.000855153	0.005173854	0.000228464	0	0	1.22E-06	0	5.17E-07	1.58E-07	4.96E-06	0	9.31E-06	2.02E-06	2.78E-07	0	0	5.45E-08	0	3.81E-08	0	5.45E-07	4.25E-07	0	0	0	0	0	0	0	0	0	0	0	0	0.002385154	0	0.033716962	0	0.002268805	0	0	0.014810254
X2009_107	7.57E-05	4.49E-06	0.000277842	0.001070565	0.007010584	0.000412339	3.68E-08	0	6.05E-07	0	9.85E-07	1.66E-06	3.41E-06	0	7.26E-06	2.80E-06	3.15E-07	0	0	3.68E-08	6.94E-08	1.18E-07	0	3.68E-07	3.51E-07	0	0	0	0	0	0	0	0	0.001651869	0	0	0.052033863	0.003765867	0.000539543	0.020433385	5.47E-05	0.006470876	0.00013124	0	0.007258317
X2009_109	0.000100696	7.51E-06	0.000280263	0.001216384	0.006987059	0.000290802	0	0	4.86E-08	0	1.29E-06	7.68E-07	9.05E-07	0	4.88E-06	9.89E-07	2.25E-07	1.19E-07	0	0	7.51E-08	1.99E-07	0	2.74E-07	1.22E-06	0	0.020501139	0	0	0	0	0.002277904	0	0.00284738	0.001936219	0	0	0.006709884	0	0.019216058	0.000384671	0.001643594	0.00010491	0	0.0029506
X2009_110	6.85E-05	4.79E-06	0.00022347	0.000824992	0.00480088	0.00016704	0	0	1.67E-07	0	1.72E-06	3.23E-07	1.26E-06	0	3.78E-06	9.18E-07	2.17E-07	0	0	0	1.28E-07	3.23E-07	0	7.40E-07	4.56E-07	0	0	0	0	0	0	0	0	0.002575107	0	0	0	0.004134003	0	0.014479908	0	0.002048838	0.000174369	0	0.002150553
X2009_111	7.86E-05	3.52E-06	0.000222305	0.000926317	0.004929395	0.000152159	0	0	4.40E-08	0	4.91E-06	4.78E-07	2.86E-07	0	1.55E-06	2.53E-07	5.66E-07	0	0	0	0	1.26E-07	0	4.45E-07	4.51E-07	0	0.011803686	0	0	0	0	0.004141644	0	0.001656658	0.007040795	0	0	0.003255245	0.001040553	0.025409191	0	0.002327184	0.000168738	0	0.003599753
X2009_115	8.69E-05	6.63E-06	0.000284929	0.001213617	0.007574643	0.000355788	0	0	1.51E-07	0	9.70E-07	1.00E-06	4.85E-07	0	4.75E-07	5.60E-07	3.62E-07	0	0	0	0	0	0	3.91E-07	6.50E-07	0	0.001977327	0	0	0	0	0.002636436	0	0.00224097	0.00224097	0	0	0.002410411	0.00166781	0.0129448	0	0.002694466	9.74E-05	0	0.004013294
X2009_118	9.11E-05	6.78E-06	0.000294537	0.001113387	0.006871151	0.000321426	0	0	2.53E-07	0	5.56E-07	4.82E-07	2.31E-06	0	6.62E-06	1.59E-07	3.18E-07	0	0	0	0	0	0	6.11E-07	1.69E-07	0	0	0	0	0	0	0	0	0.003675676	0	0	0	0.002769617	0.000282692	0.019528668	5.73E-05	0.00070291	0.000179548	0	0.006543938
X2009_173	6.54E-05	4.52E-06	0.00028328	0.001041853	0.006856988	0.000518398	0	0	2.23E-07	0	6.70E-07	3.24E-07	2.37E-06	2.51E-07	4.06E-06	2.07E-06	0	0	5.03E-08	1.12E-07	9.49E-08	3.91E-08	0	3.30E-07	1.45E-07	0	0	0	0	0	0	0	0	0	0	0	0.018345952	0.005590403	0.000352978	0.018187889	0	0.00306232	0.002423144	0	0.004822438
X2009_193	7.55E-05	3.61E-06	0.000254821	0.000900623	0.004772902	0.000188359	0	0	6.98E-08	5.58E-08	7.58E-07	4.05E-07	1.54E-06	3.35E-07	2.51E-06	6.42E-07	2.98E-07	0	3.26E-08	0	7.91E-08	7.44E-08	1.86E-07	2.74E-07	3.02E-07	0	0.001371473	0	0.019396552	0	0	0	0.004310345	0.003330721	0	0	0	0.003233225	0	0.014508527	0	0.001165782	0.002582026	0	0.006006512
X2009_245	7.63E-05	4.95E-06	0.000264323	0.001011749	0.006168843	0.000241822	0	0	1.29E-06	0	1.16E-06	3.98E-07	2.13E-06	5.27E-07	2.37E-06	1.94E-06	7.61E-08	0	0	0	9.95E-08	1.64E-07	0	3.69E-07	3.04E-07	0	0	0	0.001032418	0	0	0	0	0	0	0	0	0.003917048	0.001509696	0.011791948	0	0.005472647	0.000545735	0	0.005243132
X2009_265	6.26E-05	3.50E-06	0.000255435	0.000861974	0.005332234	0.000249724	0	0	5.91E-07	0	9.44E-07	5.50E-07	7.90E-06	1.06E-07	1.63E-06	9.90E-07	0	0	0	1.44E-07	6.45E-08	1.63E-07	0	7.09E-07	2.46E-07	0	0	0	0.006259484	0	0	0.003793627	0	0.001517451	0.003224583	0	0	0.008286325	0.000810024	0.016204126	0	0.001930192	0.000390417	0	0.012281713
X2011_109	8.07E-05	3.67E-06	0.000255018	0.00109599	0.006199473	0.000150402	0	0	2.22E-08	0	3.89E-07	2.61E-07	3.00E-07	1.00E-07	1.57E-06	1.23E-05	0	0	3.89E-08	3.34E-07	9.46E-08	5.23E-07	0	7.56E-07	2.89E-07	0	0	0	0	0	0	0	0	0.002118644	0.005358923	0	0	0.017951675	0.001142428	0.008356352	0	0.001759232	0.000842071	0	0.003464829
X2011_118	6.97E-05	2.61E-06	0.000204074	0.00087077	0.004836326	0.000117078	0	0	1.09E-07	0	1.29E-07	2.87E-07	2.18E-07	2.33E-07	2.13E-06	7.37E-07	0	1.33E-06	4.45E-08	3.32E-07	3.96E-07	8.26E-07	0	2.57E-07	3.22E-07	0	0	0	0.001169864	0	0	0	0.002573701	0	0	0	0	0.005393967	0.000799319	0.009804598	0	0.003743574	0.001431874	0	0.003335289
X2011_119	6.78E-05	1.71E-06	0.000200501	0.000729615	0.004400766	7.97E-05	0	0	1.69E-08	5.50E-08	5.45E-07	4.23E-08	5.07E-08	1.52E-07	1.69E-07	4.10E-07	1.10E-07	0	0	2.03E-07	3.43E-06	1.61E-07	0	3.47E-07	4.57E-07	0	0.003885004	0.006216006	0	0.009065009	0	0	0.005957006	0.002072002	0	0	0	0.004828529	0.000778456	0.00383442	0	0.00096255	0.010793183	0	0.001167684
X2011_149	8.17E-05	4.73E-06	0.000259734	0.001262767	0.007063208	0.000474916	0	0	9.34E-08	0	4.67E-07	0	9.83E-08	4.92E-08	3.44E-08	8.38E-06	0	0	0	2.02E-07	1.12E-06	7.82E-07	1.97E-07	1.62E-07	2.56E-07	0	0.005300353	0	0	0	0	0	0	0.000487389	0	0	0	0.0112856	0.001676529	0.006871291	0	0.00333654	0.003039225	0	0.00073503
X2011_56	9.47E-05	5.89E-06	0.000264859	0.001218539	0.007663967	0.000219457	0	0	1.16E-08	2.04E-08	6.25E-07	4.51E-07	6.31E-07	3.02E-07	6.66E-07	3.39E-06	1.48E-07	0	0	5.38E-07	4.16E-07	5.32E-07	2.30E-07	6.63E-07	1.31E-06	0	0	0	0.002425044	0	0	0	0	0.000881834	0	0	0.034611993	0.008209773	0.002133512	0.011219949	0	0.003797383	0.003600581	0	0.002155876
X2011_60	9.49E-05	7.04E-06	0.00025607	0.00120598	0.007876214	0.000281271	0	0	0	1.07E-07	3.02E-07	0	9.24E-07	1.07E-06	4.80E-07	2.86E-06	0	0	0	4.98E-07	5.15E-07	6.75E-07	0	0	1.30E-06	0	0	0	0.009615385	0	0	0	0	0	0	0	0	0.003924256	0.00298351	0.007821634	0	0.009501539	0.003023828	0	0.00210996
X2011_62	9.21E-05	5.44E-06	0.000241464	0.001426605	0.008115504	0.000457757	0	0	2.59E-07	3.11E-08	2.70E-07	9.86E-08	6.74E-07	0	7.00E-07	4.63E-06	6.74E-08	0	3.63E-08	9.34E-08	3.27E-07	7.78E-08	0	9.91E-07	1.74E-06	0	0	0	0	0.009467842	0	0	0.001795625	0	0	0	0.010284035	0.006236032	0.002323152	0.009707321	0	0.015701438	0.001367012	0	0.00245755
X2011_66	0.000105869	7.83E-06	0.000279464	0.001388073	0.008370767	0.000604797	0	0	3.83E-08	2.87E-08	5.36E-07	2.25E-07	3.97E-07	7.73E-06	2.92E-07	4.92E-06	0	0	0	5.26E-07	5.26E-08	1.39E-07	1.91E-07	1.87E-07	9.28E-07	0	0	0	0.001758874	0	0	0	0	0	0	0	0	0.007188556	0.002448139	0.012795706	0	0.019999468	4.56E-05	0	0.0015662
X2011_69	9.66E-05	8.59E-06	0.000261889	0.001334322	0.008011773	0.000800467	0	0	1.04E-07	0	4.93E-08	1.04E-07	3.29E-08	1.92E-07	0	1.29E-05	0	0	0	5.48E-08	2.52E-07	3.12E-07	4.33E-07	4.27E-07	1.09E-06	0	0	0	0	0.001361779	0	0	0	0	0	0	0	0.021323633	0.012932191	0.004924115	0	0.007910105	0.001665509	0	0.001397154
X2011_70	9.95E-05	6.19E-06	0.00027153	0.001552812	0.008820587	0.000473904	0	0	3.46E-08	7.50E-08	1.05E-06	5.77E-08	4.79E-07	1.62E-07	3.12E-07	4.01E-06	0	0	0	4.79E-07	1.67E-07	3.66E-05	2.31E-07	1.39E-07	1.14E-06	0	0	0	0	0	0	0	0	0	0	0	0	0.007064751	0.00033109	0.007583757	0	0.006214654	0.000742716	0	0.002093922
X2011_79	8.32E-05	5.77E-06	0.000274371	0.001369943	0.008017157	0.000591294	0	0	3.50E-07	6.07E-08	4.20E-08	0	1.62E-06	4.67E-08	5.98E-07	4.49E-06	6.07E-08	0	0	8.31E-07	1.07E-07	6.07E-08	0	7.42E-07	2.24E-06	0	0	0	0.0045961	0	0	0	0	0.002367688	0.005431755	0	0.017548747	0.006019088	0.000771196	0.014317906	5.64E-05	0.0077571	4.51E-05	0	0.006297471
X2011_85	8.08E-05	4.29E-06	0.000249311	0.001046555	0.006077217	0.000194719	0	0	1.83E-08	0	1.56E-07	2.65E-07	3.75E-07	4.07E-07	1.17E-06	5.48E-06	1.78E-07	0	0	6.22E-07	5.99E-07	2.24E-07	7.27E-07	3.39E-07	1.79E-06	0	0	0	0	0.005959476	0	0	0	0	0	0	0.032181168	0.007886962	0.000594939	0.011275702	0	0.006335296	0.001861194	0	0.001933552
HU100_S17	0.000138893	1.71E-05	0.000289191	0.002835616	0.012286095	0.001036641	6.34E-08	4.76E-08	0	5.55E-07	1.53E-07	3.75E-07	3.17E-08	0	0	5.59E-06	0	0	6.08E-07	0	0	2.64E-06	0	1.74E-06	8.98E-08	0	0	5.17E-05	0.004289073	0	0.000303594	0	0	0.008513552	0.0161357	0	0.001795726	0.025149081	0.000731501	0.014073903	0.001569946	0.002207336	0.000410667	0	0.00549695
HU101_S15	0.000110739	1.22E-05	0.000312821	0.002439372	0.011322113	0.000945293	7.40E-08	5.55E-08	2.44E-06	2.34E-07	4.63E-07	8.02E-07	2.16E-07	0	0	6.38E-05	0	0	0	0	0	7.77E-07	0	1.18E-06	5.55E-08	0	0.000140816	0	0.00790447	0.000215918	0.000441223	0.000187755	0	0.001558364	0	0.00082612	0.00173673	0.019807985	0.004280291	0.004586216	0	0.001606772	0.000340508	0	0.002269166
HU103_S22	0.000128328	9.90E-06	0.000356775	0.002605239	0.013066228	0.001261901	3.21E-07	0	5.06E-07	5.06E-07	4.76E-08	9.52E-08	5.95E-08	0	0	1.15E-05	0	1.01E-07	1.96E-07	5.36E-08	0	3.63E-07	0	1.30E-06	1.55E-07	0	0.000702568	0	0.000556752	0.00023198	0.000735708	0.000649544	0.000145816	0.002909693	0.000145816	0.000583264	0.001226181	0.014298021	0.006731257	0.011678212	0	0.000849668	0.000151052	0	0.007236337
HU107_S1	8.61E-05	9.47E-06	0.00047755	0.003114479	0.008973097	0.001011893	2.61E-07	0	2.59E-06	3.25E-07	2.66E-07	0	9.53E-07	0	0	5.94E-06	0	0	0	0	0	1.54E-07	0	7.99E-08	4.79E-08	0	0.000232118	0.019254405	3.42E-05	0.021347276	0.000635471	7.61E-05	0	0.011217784	0.012907301	0.000277781	0	0.011226994	0.000461299	0.042390308	0	0	0	0	0.035027975
HU108_S18	0.000198123	1.62E-05	0.000380312	0.006311126	0.019922004	0.002375717	3.95E-06	1.20E-06	3.57E-06	4.19E-06	5.50E-08	1.24E-07	3.30E-07	0	0	4.72E-05	0	0	1.10E-07	0	0	1.37E-07	0	3.85E-07	2.45E-06	0	0.002989495	0.000447027	0.000284049	0.000377179	0.009499329	0.001280547	0	0.02435833	0	0.002938273	0.000526188	0.01757824	0.000689673	0.034521477	3.15E-05	0.001200619	0	0	0.003130861
HU109_S19	0.000133516	1.11E-05	0.000393476	0.00255745	0.015640505	0.001868549	5.10E-08	0	2.21E-07	3.40E-08	5.27E-07	4.54E-08	1.01E-06	0	0	3.00E-05	0	9.64E-08	0	0	0	1.11E-06	0	6.97E-07	5.10E-08	0	0	0.000359712	0	8.99E-05	0	0.001176559	0.001356415	0.000719424	0	0	0	0.013119261	0.00133239	0.004686721	0	0.000618371	0	0	0.001452506
HU112_S2	8.49E-05	1.09E-05	0.000454145	0.002180288	0.008016703	0.000711656	4.17E-08	0	1.86E-06	8.11E-07	2.92E-07	7.41E-08	0	0	0	1.10E-05	0	0	7.37E-07	0	0	1.33E-06	0	1.02E-06	4.17E-08	0	0.0001336	0.00010688	6.23E-05	0.001291466	0.000498773	8.91E-05	0	0.002458239	0.001086613	0.00052104	0.008773063	0.018611993	0.001355027	0.031832065	0.000354361	0.000734896	0.000128858	0	0.0270039
HU113_S3	9.29E-05	5.35E-06	0.000400227	0.002095853	0.008338836	0.000629774	1.49E-07	0	5.13E-08	2.31E-07	2.67E-07	6.98E-07	0	0	0	1.09E-05	0	0	3.59E-08	0	0	7.55E-07	0	1.49E-07	4.62E-08	0	0.000214407	0	4.29E-05	0.000276347	0.000314464	9.53E-05	0	0.002439478	0.001338854	0.000281112	0	0.012070963	0.003566149	0.031264235	0	0.000940984	0.000511448	0	0.025748192
HU114_S27	0.000138969	1.22E-05	0.000337351	0.002254528	0.01091231	0.000525897	5.05E-06	5.33E-08	1.36E-07	6.70E-07	3.08E-07	5.51E-07	3.56E-08	5.93E-08	0	5.00E-06	0	0	2.13E-07	0	0	2.19E-07	0	6.22E-06	2.55E-07	0	0.00115277	0	0.004856754	0.001096077	0.003874065	0.000737017	0.000207877	0.007540252	0.000321264	0.001379545	0	0.019224009	0.001063456	0.008686732	0	0.002500558	0	0	0.003663506
HU115_S28	0.000159812	1.53E-05	0.00034645	0.002461709	0.0114081	0.000714725	1.82E-05	2.31E-07	1.06E-07	6.67E-07	0	9.26E-06	3.74E-08	0	0	8.55E-06	0	0	2.93E-07	0	0	4.42E-07	0	6.48E-07	1.06E-07	0	0.0013233	0.000211728	0.00066165	0.002046704	0.00255838	0.000520498	0.000202906	0.004675659	0	0.000388168	0.004084585	0.012664314	0.001056437	0.01081447	0	0.002063287	0.000689918	0	0.003872167
HU117_S4	7.82E-05	4.38E-06	0.0004068	0.002231369	0.008687428	0.000662669	0	0	3.85E-07	1.60E-07	1.35E-07	3.08E-07	0	0	1.28E-07	7.41E-06	0	2.12E-07	1.44E-06	0	0	4.49E-08	0	2.47E-06	1.67E-07	0.005214481	0.000224118	0.001195297	0.000134471	0.002943418	0.00098612	0	0	0.003003182	0.00198718	0	0.000687295	0.00589228	0.000274674	0.03247489	0.000427857	0.00060481	0.001333752	0.000190159	0.026915387
HU118_S5	8.10E-05	4.57E-06	0.000441638	0.002209897	0.008548524	0.000612248	1.47E-07	4.74E-08	5.00E-07	6.31E-08	6.05E-07	8.00E-07	6.84E-08	0	0	8.43E-06	0	0	0	0	0	0	0	7.89E-08	1.37E-07	0	0.000509829	0	0.000275809	0	0.001780222	0.000325956	0	0.001220246	0	0.000860859	0.000384461	0.014280908	0.000862348	0.032398733	0	0.001452151	0	0	0.029901117
HU119_S20	0.000148221	1.33E-05	0.000281064	0.003616444	0.011697543	0.001222638	4.31E-07	0	1.30E-07	1.55E-06	1.23E-07	1.37E-07	0	0	0	1.31E-06	0	0	3.08E-07	0	0	1.57E-06	0	4.13E-06	0	0	0.000136705	7.29E-05	0.000382775	0	0.001266803	0.000182274	0	0.031870586	0.004456596	0.000264297	0	0.018226612	0.001325935	0.017508041	0.007034583	0.001206173	0.002925611	0.000205306	0.00447396
HU122_S6	9.29E-05	9.19E-06	0.000359788	0.001898467	0.008758611	0.00059937	1.33E-05	0	7.93E-07	4.38E-07	1.27E-06	9.19E-07	2.95E-07	0	0	8.78E-06	0	0	1.92E-06	1.09E-07	0	1.77E-06	0	3.03E-06	0	0	0.000911809	0	0.000553064	0	0.001943199	0	0	0.000702541	0	0.000433483	0.013348281	0.011253279	0.001754456	0.018757023	0	0.001717077	0.001371326	0	0.013680549
HU123_S7	7.48E-05	4.67E-06	0.000458521	0.002360649	0.008336649	0.000799643	5.91E-07	0	2.05E-05	2.65E-07	2.65E-07	1.72E-06	5.60E-08	0	0	2.30E-05	0	0	1.13E-05	0	0	6.73E-07	0	1.80E-06	0	0	0.000118218	0.000126099	0.000149743	0.000275843	7.09E-05	0	0	0.003593834	0.001521074	0.000228555	0.000362536	0.007072215	0.000984934	0.040324372	0.000538817	0.000365005	0.0001236	0	0.029692874
HU124_S23	0.000123635	9.36E-06	0.000297138	0.002009622	0.009130956	0.00043975	5.66E-08	8.49E-08	1.46E-07	2.19E-06	3.44E-07	3.44E-07	0	0	0	8.00E-06	0	0	5.24E-07	0	0	3.31E-06	0	2.54E-06	4.25E-08	0	0.000519019	9.23E-05	0.000380614	0.000138405	0.000103804	0	0	0.003310189	0.001038038	0	0.003736938	0.014173139	0.001794613	0.012832067	0.000142709	0.002949968	0.000250229	0	0.011039409
HU500_S8	8.24E-05	1.16E-05	0.000342669	0.001727557	0.007545447	0.000332238	4.78E-07	0	1.04E-06	6.76E-08	3.79E-07	2.91E-07	1.45E-07	0	0	1.32E-05	0	0	8.37E-07	0	0	8.26E-07	0	3.94E-06	0	0	0	0.000346032	5.41E-05	0	0	0	0	0.000183829	0.000237897	0	0.000497421	0.018295584	0.001414474	0.027456235	7.46E-05	0.000727811	0.002142286	0	0.021438289
HU502_S24	0.000209679	8.82E-06	0.000386674	0.003628764	0.016714725	0.001492974	0	0	5.43E-08	4.97E-07	2.40E-05	7.76E-08	0	0	0	7.56E-06	0	0	1.78E-06	0	0	0	0	1.18E-05	0	0	0.000188624	0.000754497	0	0.005778761	0.000385822	0	0.035907197	0.00501569	0.0021949	0	0.001020286	0.018520193	0	0.010452302	0.001112305	0	0	0.003505127	0.008267643
HU503_S9	8.26E-05	1.37E-05	0.000381616	0.002142738	0.007520382	0.000349692	1.50E-05	0	5.64E-07	0	6.00E-08	9.59E-08	2.10E-07	0	4.20E-08	7.14E-06	0	0	3.42E-07	0	0	9.59E-08	0	1.11E-06	0	0	0	0	0.000688003	0.000142345	0	0.00139973	0	0.009406657	0.000806624	0	0.003570497	0.014828103	0.00093583	0.026185082	0.000609197	0.001280609	0.000785475	0	0.023312785
HU504_S25	0.000156097	1.13E-05	0.00039438	0.004755279	0.012652508	0.001453032	0	0	2.35E-07	4.97E-06	4.41E-05	0	2.00E-05	0	0	3.90E-05	0	0	0	0	0	7.26E-07	0	1.29E-06	0	0.002328248	0	0.017974568	1.03E-05	0.026827253	0.001050075	0	0.01859516	0.013706456	0.01008976	0	0	0.002856596	0	0.025402878	0.001142977	0.000403005	0	0	0.022050145
HU505_S21	0.000112886	1.17E-05	0.000325723	0.001895979	0.009884019	0.000563305	0	0	2.49E-06	0	5.26E-08	8.42E-08	8.94E-08	0	0	7.20E-06	0	0	1.79E-06	0	0	1.74E-06	0	1.06E-06	0	0	0	0	0.000342149	0	0	0	0.000212687	0.000702793	0	0	0.001100425	0.022547701	0.001186149	0.008544186	6.30E-05	0.001422945	0.000556143	0.000315003	0.00824439
HU506_S10	7.39E-05	8.05E-06	0.000424064	0.001885477	0.007236153	0.000447534	1.19E-06	0	2.11E-06	2.73E-07	5.68E-07	1.47E-06	4.10E-07	0	0	1.50E-05	0	0	0	0	0	3.72E-07	0	1.02E-06	0	0	0	0	0.000466257	0	0	0	0	0.002797544	0.000721589	0	0.003152788	0.008008085	0.009034646	0.033933296	0	0.000136269	0.000581415	0	0.028800491
HU508_S26	0.000134958	1.35E-05	0.000311064	0.001957954	0.008035326	0.000530483	0	0	9.68E-09	3.39E-08	6.53E-07	1.40E-07	4.87E-06	0	0	3.04E-06	0	0	1.11E-06	0	0	4.36E-07	0	6.72E-06	0	0	0	0.001297153	0.000490815	0.00081335	0	0	0.011919787	0.001107839	0.000455757	0	0.000743234	0.015783914	0.001363766	0.007564057	0.000273871	0.001553799	0	0	0.005753155
HU537_S11	9.81E-05	9.62E-06	0.00037202	0.002295821	0.01028574	0.000629667	0	0	1.95E-06	3.59E-08	0	2.72E-07	0	0	0	1.63E-05	0	0	2.67E-06	0	0	3.44E-07	0	4.70E-06	0	0	0	0	0.000260524	0	0	0.001069519	0	0.00393528	0.004127245	0	0	0.015221004	0.000949151	0.020887091	0.00048034	0.002288338	0.000317024	0	0.015924222
HU538_S12	8.27E-05	5.26E-06	0.000405301	0.001898162	0.007846047	0.000643745	1.58E-05	0	2.31E-07	7.52E-08	1.37E-06	1.44E-06	3.47E-07	0	0	7.57E-06	0	0	2.91E-06	0	0	2.72E-07	0	2.37E-06	0	0.000348493	0	0.000380174	7.92E-05	0.002756261	0	0	0	0.001473174	0.001710783	0	0	0.008830161	0.002427202	0.029633711	7.04E-05	0.000825249	8.98E-05	0	0.023893378
HU539_S13	0.000100946	9.40E-06	0.000401572	0.001924027	0.008766863	0.000395618	1.04E-06	0	1.71E-06	2.73E-07	3.83E-07	9.47E-07	6.22E-08	0	0	6.22E-06	0	0	1.99E-06	0	0	7.36E-07	0	1.14E-06	4.30E-08	0	0	9.34E-05	0.000875841	0.000140135	0.000525504	0	0.000128457	0.001448057	0.000198524	0	0.00192685	0.013219861	0.001238868	0.027256848	0	0.000699389	0.000697632	0	0.018804431
HU540_S14	8.39E-05	8.32E-06	0.000442906	0.002325851	0.009659732	0.00083211	0	0	5.29E-06	1.12E-06	1.61E-06	4.12E-08	4.06E-06	0	0	2.67E-05	0	1.39E-07	2.76E-06	5.15E-08	0	8.75E-07	0	2.78E-06	0	0.000196105	0	0.000499175	4.46E-05	0.000517003	0.000160449	0	0.001114231	0.002397825	0.00034764	0	0.000410037	0.007381812	0.001567729	0.03493078	0.000146912	0.000229424	0	0	0.019883396
HU99_S16	0.000114838	6.85E-06	0.000340551	0.003066097	0.014233223	0.001225556	5.73E-08	0	1.84E-06	1.67E-07	0	1.25E-07	8.34E-08	0	0	3.31E-05	0	0	1.88E-07	0	0	1.30E-06	0	3.65E-07	4.69E-08	0	0.000132138	0	0.000493314	0	0.000167374	0.000343558	0	0	0	0	0.001576842	0.011755929	0.001018926	0.008716821	0	0.000490812	0	0	0.006851736
